Accuracy: 
{
    "mean": 0.928812905663364,
    "scores": [
        0.8977035490605428,
        0.78839590443686,
        0.981081081081081,
        0.9224489795918367,
        0.967654986522911,
        0.8904109589041096,
        0.9433962264150944,
        0.9556135770234987,
        0.9648351648351648,
        0.9765886287625418
    ]
}F1-measure: 
{
    "mean": 0.9059401898466585,
    "scores": [
        0.8843235528756386,
        0.6855545934679256,
        0.9732005813060308,
        0.9179696584296064,
        0.9476333482577635,
        0.8782577324823059,
        0.9179178387958821,
        0.9386536903291196,
        0.9625947886744743,
        0.953296113847838
    ]
}